D C 365.1 -288.1 1418.0 -462.4 1756.7 250.9 1130.6 565.8 538.8 591.7 898.8 1320.9
D C 366.6 -289.3 1418.5 -462.6 1757.0 251.0 1130.4 565.7 541.0 594.2 899.1 1321.3
D C 366.7 -289.3 1420.2 -463.2 1756.6 250.9 1131.3 566.2 541.4 594.5 901.0 1324.1
D C 366.5 -289.2 1419.6 -463.0 1753.1 250.4 1129.7 565.3 540.7 593.8 899.4 1321.8
D C 365.6 -288.5 1421.6 -463.6 1754.3 250.6 1129.9 565.4 537.5 590.3 899.9 1322.4
D C 365.5 -288.4 1416.2 -461.9 1756.4 250.9 1130.6 565.8 538.1 591.0 898.3 1320.1
D C 365.1 -288.1 1419.6 -463.0 1750.6 250.1 1133.4 567.2 539.9 592.9 899.1 1321.3
D C 365.4 -288.3 1419.5 -462.9 1752.6 250.3 1132.8 566.9 540.9 594.0 899.7 1322.1
D C 365.5 -288.4 1418.6 -462.6 1755.5 250.7 539.9 592.9 899.4 1321.8
D C 366.3 -289.1 1417.9 -457.6 1754.2 250.6 1131.3 566.2 539.5 592.4 899.1 1321.3
D C 364.6 -287.7 1420.0 -463.1 1754.6 250.6 1133.3 567.2 539.9 592.9 900.3 1323.0
D C 365.5 -288.4 1418.5 -462.6 1758.0 251.1 1132.9 567.0 539.2 592.1 898.9 1321.0
D C 365.4 -288.4 1424.1 -464.4 1756.4 250.9 1131.0 566.0 899.0 1321.1
D C 365.8 -288.7 1417.4 -462.3 1754.4 250.6 539.4 592.3 898.7 1320.7
D C 356.0 -289.9 1404.1 -457.9 1721.5 251.3 1077.0 551.5 518.4 594.4 880.8 1329.2
D C 314.8 -288.4 1365.2 -463.8 1692.2 241.7 1051.3 550.6 489.0 593.1 849.2 1325.2
D C 280.1 -283.2 1330.3 -456.5 1647.4 245.6 1002.7 548.9 445.6 586.6
D C 264.7 -284.5 1291.7 -452.2 1627.7 242.7 991.2 546.5 432.6 584.2
D C 217.3 -278.1 1244.7 -448.6 1566.4 248.3 942.6 550.3 379.8 588.6
D C 190.0 -282.0 1202.3 -441.7 1535.3 243.4 906.9 544.5 349.0 591.5
D C 157.5 -279.6 1180.6 -446.1 1508.4 243.9 874.7 547.3 318.9 593.4
D C 126.7 -278.3 1151.7 -447.3 1472.9 247.4 837.2 549.2 280.4 594.1
D C 114.3 -280.1 1122.8 -440.1 1450.0 252.7 822.9 554.4 264.6 598.1
D C 68.3 -279.0 1074.3 -440.2 1403.8 249.1 773.8 549.4 215.0 602.2
D C 1037.0 -439.9 1369.0 247.3 747.8 548.4 184.3 596.0
D C 1007.6 -438.4 1333.6 253.6 704.9 550.9 146.3 601.6
D C 962.0 -436.2 1304.0 252.1 672.0 548.9 476.0 1320.7 112.1 604.4
D C -48.1 -289.1 929.2 -424.8 1268.7 253.3 639.0 552.1 439.9 1321.4 81.6 604.2
D C -78.8 -289.2 900.7 -428.6 1227.6 253.0 604.7 548.9 409.2 1323.3 48.1 606.9
D C 861.8 -436.3 1182.4 255.0 552.7 543.5 362.6 1330.1 -4.2 609.7
D C 843.2 -433.4 1157.6 257.1 537.2 548.0 344.2 1326.5 -21.1 610.9
D C 812.6 -436.8 1131.8 255.1 507.6 543.8 318.3 1326.7 -51.5 614.4
D C 749.1 -423.6 1079.7 257.3 452.2 545.0 263.6 1330.3 -104.8 612.2
D C 733.0 -426.5 1061.4 252.9 441.6 545.7 248.9 1319.8 -122.6 614.1
D C 688.5 -426.5 1010.0 253.8 392.0 543.2 199.9 1326.7 -167.7 619.1
D C 670.6 -421.0 992.6 255.9 377.8 547.9 183.0 1324.4 -184.3 619.6
D C 638.7 -420.4 960.8 263.5 343.5 550.8 146.6 1330.8
D C 602.6 -418.2 925.9 260.0 315.3 549.7 117.7 1330.7
D C 568.7 -418.5 894.6 260.2 283.0 550.6 85.6 1342.5
D C 523.1 -412.7 851.3 270.4 233.4 555.0 27.7 1338.4
D C 509.1 -417.2 833.7 264.8 220.3 552.0 23.7 1341.0
D C 480.5 -413.9 801.8 265.5 186.9 550.2 -17.6 1347.8
D C 444.9 -415.2 768.7 265.1 158.0 552.6 -42.5 1351.4
D C 414.1 -413.5 733.1 265.5 124.1 554.6 -83.8 1347.1
D C 399.1 -416.0 719.3 268.0 110.0 555.1 -100.5 1348.0
D C 352.2 -415.3 670.1 270.9 63.2 557.7 -150.7 1349.8
D C 323.0 -418.5 640.4 270.4 32.0 556.0 -181.5 1359.7
D C 293.1 -418.2 611.6 273.9 1.3 560.0 -210.1 1352.1
D C 260.2 -421.6 579.4 274.6 -29.8 562.2
D C 215.3 -420.5 534.0 275.5 -76.9 562.9
D C 201.5 -418.6 521.1 279.0 -95.5 568.5
D C 158.2 -424.6 471.1 282.9 -139.3 569.1
D C 143.3 -419.6 454.7 286.5 -155.7 574.5
D C 111.5 -421.7 423.5 285.3
D C 66.5 -419.5 375.3 287.8
D C 50.1 -425.0 356.2 290.9
D C 4.2 -423.6 308.9 292.7
D C -11.5 -427.4 291.1 293.3
D C -39.1 -427.0 257.8 295.6
D C -86.7 -430.6 204.8 297.0
D C -102.3 -432.4 187.8 297.1
D C -146.9 -436.8 136.9 299.4
D C -165.8 -434.7 126.4 295.5
D C 111.6 279.6
D C 87.3 262.2 -516.4 1512.5
D C 78.6 257.0 -490.2 1527.1
D C 54.1 238.4 -386.2 1557.3
D C 44.0 233.5 -358.4 1568.1
D C 28.5 226.4 -278.4 1597.2
D C 12.1 221.8
D C -3.5 219.9
D C -31.6 221.6
D C
D C 122.6 1610.7
D C 255.3 1594.3
D C 311.1 1570.1
D C 494.4 1500.2 -73.7 913.0
D C 547.7 1476.8 -45.4 909.4
D C 720.3 1370.2 52.1 904.4 -70.7 1509.8
D C 823.1 1284.5 108.4 884.3
D C 870.4 1237.8 138.4 881.4
D C 994.0 1091.6 223.9 852.1
D C 1036.5 1038.1 251.3 830.8
D C 1122.5 871.8 323.0 781.4
D C 1176.7 761.7 370.0 742.2
D C 1192.5 696.2 390.0 720.3
D C 1235.3 499.5 443.3 642.9
D C 1247.3 443.0 459.9 621.0
D C 1258.3 235.3 505.0 534.5
D C 1223.6 102.5 523.3 472.1
D C 1212.7 41.9 533.7 447.0 601.3 1591.3
D C 1158.0 -77.4 516.9 391.4 -227.7 1105.0
D C 1140.5 -104.4 507.6 379.5 -219.2 1115.5
D C 1079.8 -145.8 475.2 362.1 -236.0 1127.7
D C 1075.1 -151.9 460.0 359.5 -252.4 1120.2
D C 1018.8 -150.3 413.2 359.2 -306.5 1131.3
D C 985.2 -154.7 382.2 355.6 620.4 1488.0 -328.3 1128.8
D C 970.1 -155.3 364.3 358.2 -341.1 1134.0
D C 929.6 -157.6 865.5 668.0 316.8 356.6 -396.7 1139.0
D C 888.0 -156.2 828.6 664.2 284.5 356.1
D C 851.4 -157.9 796.7 663.1 250.6 356.4
D C 817.8 -162.0 765.6 657.3 220.5 358.4
D C 802.3 -166.7 750.8 656.7 207.0 358.3
D C 760.3 -167.7 701.5 660.7 156.1 358.8
D C 740.7 -168.1 681.5 661.9 139.6 359.5
D C 694.8 -171.2 632.0 664.8 95.0 361.6
D C 667.2 -170.9 595.5 658.1 63.8 363.0
D C 648.5 -174.7 583.3 656.6 47.9 363.0
D C 603.8 -176.6 536.2 654.4 -0.3 364.6
D C 573.6 -175.5 500.2 654.3 -32.9 366.1
D C 541.1 -176.5 -64.8 365.2
D C 495.0 -211.8 476.3 627.0 -72.0 366.6
D C 471.9 -235.3 477.9 609.5 -77.0 367.7
D C 383.8 -301.0 513.3 530.1 425.4 1406.1 -68.8 368.1
D C 291.9 -357.4 542.4 445.8 581.5 1325.6 -59.1 372.6
D C 257.6 -379.8 547.6 414.6 625.0 1283.0 -54.5 373.1
D C 187.8 -402.6 556.8 358.0 -47.5 373.5
D C 120.8 -425.0 560.2 300.0 793.5 1128.5 -41.9 375.0
D C 45.5 -444.8 558.7 238.0 883.1 1044.6 -34.8 373.8
D C 8.6 -446.6 557.2 207.6 -31.4 374.4
D C -104.3 -452.9 535.0 120.6 1003.7 851.1 196.4 1421.2 -21.0 375.0
D C -178.5 -447.2 513.4 55.7 1057.5 726.7 325.9 1395.8 -9.4 370.3 -320.0 966.1
D C 489.6 -19.2 1120.0 577.8 478.9 1341.7 13.1 361.9 -221.6 997.8
D C 456.4 -83.2 1158.2 427.5 616.5 1255.7 33.3 352.4
D C 390.0 -178.3 796.1 1103.1 58.8 334.5
D C 362.1 -204.8 1173.8 112.9 859.6 1062.3 67.0 327.8
D C 299.4 -257.9 1143.1 -48.3 965.2 926.0 80.5 310.3
D C 231.1 -297.6 1098.3 -196.7 1040.1 787.6 91.2 291.7
D C 160.2 -330.2 1031.3 -346.9 1113.3 645.4 100.5 273.7
D C 126.3 -345.6 995.0 -414.9 1132.9 567.0 103.7 264.5
D C 21.0 -374.6 872.3 -597.5 1194.9 355.5 111.8 238.7
D C -50.1 -379.8 778.5 -674.7 1172.0 241.5 100.1 228.2
D C -106.4 -380.9 711.1 -705.6 1145.3 196.0 560.1 696.5 69.6 222.8
D C 641.1 -723.9 1109.6 148.1 549.9 679.5 42.4 221.2
D C 588.7 -729.8 1063.9 145.3 510.3 684.8 -5.7 225.1
D C 569.8 -724.4 1033.3 144.4 488.2 676.5 -21.8 227.1
D C 541.0 -728.3 1000.2 146.0 453.1 683.8
D C 504.0 -723.9 971.8 144.9 423.6 679.2
D C 475.7 -725.2 933.9 145.1 390.6 685.8
D C 442.7 -727.2 902.0 143.0 365.5 685.0
D C 411.1 -729.6 871.0 146.3 329.3 692.0
D C 364.9 -723.6 823.1 151.3 278.5 691.8
D C 349.4 -725.7 801.2 147.3 265.4 689.6
D C 315.5 -728.3 766.8 148.2 234.2 696.2
D C 265.3 -725.6 712.6 144.6 184.8 694.5
D C 249.9 -724.7 700.3 146.6 166.4 693.4
D C 202.4 -729.2 647.7 146.0 118.9 701.3
D C 631.2 148.4 103.3 700.0
D C 154.3 -726.3 597.8 146.3 75.1 701.4
D C 551.2 149.3 25.5 705.8
D C 95.6 -733.4 534.3 146.5 6.0 704.0
D C -17.4 -732.2 502.7 86.0 46.6 697.6
D C -69.7 -737.0 491.2 51.8 80.8 694.5
D C -201.9 -722.9 471.6 -31.5 164.7 668.2
D C -326.5 -691.7 441.6 -101.7 236.4 637.5
D C 397.2 -177.2 313.2 587.1
D C 306.1 -272.0 407.7 491.3
D C 276.6 -302.8 433.2 455.7
D C 198.8 -345.3 477.1 375.3 -140.2 640.6
D C 121.9 -375.6 509.2 295.2 -59.9 643.2
D C 44.5 -398.3 526.5 212.9 9.4 644.8
D C -79.8 -409.2 527.7 77.0 122.5 618.4
D C -117.0 -404.7 518.9 38.7 154.5 603.1 -301.5 991.3
D C 484.1 -80.6 251.1 553.7 -114.7 1027.6
D C 463.5 -129.4 285.3 523.1 -45.0 1028.6
D C 417.5 -200.2 333.1 473.8 77.5 1018.5
D C 341.5 -283.4 371.6 403.1 195.8 988.3
D C 320.3 -282.8 353.5 402.8 185.8 985.4
D C 240.5 -305.8 995.0 838.5 327.0 375.0 198.8 971.9
D C 214.4 -310.0 982.5 828.0 315.1 372.8 186.3 971.6
D C 179.3 -307.1 954.7 824.8 287.5 376.0 158.5 970.8
D C 129.1 -303.2 910.2 826.2 236.6 376.8 107.0 971.5
D C 114.4 -304.2 900.4 832.6 222.5 377.0 95.0 971.5
D C 66.4 -312.5 842.4 823.2 175.0 376.7 44.1 974.1
D C 33.1 -314.0 812.7 829.1 143.0 378.4 11.2 969.9
D C 19.6 -315.2 791.6 822.5 127.3 382.5 -3.7 969.6
D C -32.6 -323.3 741.7 819.6 76.0 377.3 -57.4 971.3
D C -47.9 -324.7 727.2 818.6 62.7 376.9 -69.5 973.3
D C -112.4 -327.6 728.9 771.5 37.2 369.3
D C 744.5 723.1 29.7 361.0
D C 751.8 661.7 21.4 352.6
D C 763.5 615.9 13.7 350.2
D C 758.9 585.7 7.2 348.8
D C 769.6 508.2 -4.5 342.8
D C 775.0 481.6 -6.5 341.3
D C 762.7 393.5 151.5 927.8 -23.1 337.5
D C 759.8 340.3 180.5 911.0 -30.4 338.0
D C 759.2 290.8 220.7 895.5 -25.0 335.0
D C 762.3 174.2 303.4 849.9 -19.6 331.2
D C 739.4 98.7 347.7 819.8 -20.3 326.4
D C 721.4 27.1 393.5 777.2 -18.1 322.1
D C 686.8 -48.0 429.2 732.4 -16.9 318.3
D C 672.9 -78.3 446.7 711.3 -17.8 318.3
D C 613.9 -187.8 504.6 627.5 -14.5 310.8
D C 571.3 -254.8 530.9 579.5 279.5 1410.7 -14.4 307.6
D C 514.1 -280.4 518.5 548.7 -35.7 303.2
D C 467.7 -316.1 514.6 521.7 -55.7 303.2
D C 438.9 -325.0 505.9 512.9
D C 383.4 -330.2 458.3 506.4
D C 367.1 -330.2 440.2 511.1 284.9 1371.4
D C 317.2 -332.7 389.7 509.7 235.2 1361.6
D C 281.3 -333.8 358.0 509.1
D C 265.8 -333.6 342.1 512.8 189.6 1371.9
D C 213.1 -335.9 292.1 512.8
D C 162.9 -333.1 238.9 514.2
D C 144.8 -334.3 221.8 518.4
D C 109.9 -338.9 206.6 513.3 87.7 1375.3
D C 51.8 -354.6 205.0 495.9 152.6 1347.9
D C -2.0 -368.2 201.8 479.9 201.6 1337.6
D C -90.4 -371.6 193.9 453.4 288.2 1306.9
D C -114.9 -367.6 192.3 445.8
D C 188.6 433.5
D C 180.1 421.0
D C 191.6 396.3
D C 195.3 385.9
D C 197.9 352.4 -153.0 1644.4
D C 201.8 323.6
D C 186.7 307.7 74.2 1638.6
D C 156.8 300.5
D C 780.8 873.5 142.8 297.8 130.8 1652.0
D C 745.7 855.2 91.8 296.7 109.6 1639.0
D C 773.0 798.3 75.4 286.8
D C 798.5 733.8 59.8 275.3
D C 802.8 676.5 39.8 269.9
D C 810.7 649.8 27.1 268.8 -374.9 1418.2
D C 822.3 572.5 476.1 1523.0 -0.2 265.3
D C 513.9 1323.0 -29.0 267.3
D C 821.7 459.6 601.7 1443.1
D C 819.6 397.7 667.9 1403.7
D C 805.5 340.2 717.2 1364.3
D C 787.8 282.5 769.0 1303.2 35.3 1482.6
D C 771.7 211.6 835.1 1219.2 116.8 1475.3
D C 752.3 189.0 856.1 1209.6 139.3 1472.0 -132.1 816.9
D C 732.6 134.6 905.4 1140.1 211.1 1461.3 -107.1 821.7
D C 700.4 82.6 952.3 1085.3 271.6 1440.2 -82.2 828.0
D C 675.5 37.9 971.0 1008.9 327.1 1420.7 -64.4 829.9
D C 623.7 -24.4 1022.2 922.1 413.2 1381.1 -34.1 839.6
D C 605.3 -51.7 1036.3 873.3 453.0 1374.8 -13.4 831.3
D C 569.9 -89.5 1043.3 800.1 500.1 1336.0 -0.6 833.6
D C 529.8 -130.6 1064.4 726.6 559.1 1295.9 30.0 831.1
D C 495.2 -163.2 1078.7 661.3 601.8 1254.8 50.2 826.4
D C 426.7 -204.6 1075.0 579.9 635.9 1209.7 54.6 817.2
D C 411.6 -203.6 1056.1 590.8 618.3 1212.1 37.5 827.6
D C 381.9 -202.2 1018.3 590.3 586.9 1214.2 4.4 818.9
D C 966.5 584.3 531.9 1212.5 -43.7 824.7
D C 317.4 -200.6 946.0 579.9 514.9 1214.0 -59.1 827.9
D C 267.7 -199.5 895.4 583.5 466.3 1211.6 -108.4 832.0
D C 873.3 584.4 451.9 1218.4 -124.4 834.4
D C 825.0 582.0 396.6 1216.1 -172.1 835.2
D C 789.4 578.9 371.4 1214.3 -200.9 843.0
D C 795.0 549.9 399.8 1201.0 -179.6 845.1
D C 804.1 489.5 459.7 1173.0 -152.2 857.5
D C 795.2 441.6 487.9 1140.5 -132.3 868.9
D C 789.3 356.4 553.6 1077.1 -89.6 875.6
D C 779.4 323.5 579.9 1055.4 -73.4 875.9
D C 768.1 267.5 613.5 1011.2 -49.3 879.8
D C 729.3 264.1 569.5 1014.4 -90.8 887.3
D C 707.0 260.9 555.4 1010.9 -107.3 886.6
D C 653.3 266.5 504.0 1018.7 -160.1 886.3
D C 635.5 263.8 487.7 1017.0 -179.5 898.9
D C 601.0 266.9 450.6 1018.6 -213.2 894.9
D C 550.8 267.2 401.9 1016.2 -260.3 895.0
D C 540.5 268.4 388.5 1018.7 -273.9 900.3
D C 489.4 269.8 336.6 1021.4
D C 459.4 268.2 304.0 1016.0
D C 439.2 269.2 291.6 1020.1
D C 392.3 273.1 238.3 1020.6
D C 372.9 273.5 219.2 1023.9
D C 329.6 274.3 174.6 1029.5
D C 312.6 275.1 155.6 1032.6
D C 276.8 277.2 119.7 1028.9
D C 237.1 273.6 88.7 1039.3
D C 240.8 276.1 90.7 1025.5
D C 241.7 277.2 90.7 1025.5
D C 240.8 276.2 90.3 1020.9
D C 240.2 275.5 90.8 1026.1
D C 240.0 275.2 90.8 1026.7
D C 240.5 275.7 90.7 1025.7
